# scintLeft	anodeBack
4.790000000000000000e+02	9.540000000000000000e+02
4.810000000000000000e+02	9.980000000000000000e+02
-1.000000000000000000e+00	-1.000000000000000000e+00
5.360000000000000000e+02	1.000000000000000000e+03
5.750000000000000000e+02	1.166000000000000000e+03
4.980000000000000000e+02	1.136000000000000000e+03
-1.000000000000000000e+00	-1.000000000000000000e+00
6.270000000000000000e+02	9.740000000000000000e+02
1.520000000000000000e+02	1.422000000000000000e+03
5.360000000000000000e+02	9.140000000000000000e+02
1.760000000000000000e+02	1.328000000000000000e+03
5.440000000000000000e+02	1.134000000000000000e+03
8.200000000000000000e+01	7.610000000000000000e+02
1.880000000000000000e+02	1.415000000000000000e+03
-1.000000000000000000e+00	-1.000000000000000000e+00
-1.000000000000000000e+00	7.900000000000000000e+01
4.910000000000000000e+02	1.166000000000000000e+03
4.060000000000000000e+02	9.990000000000000000e+02
6.020000000000000000e+02	1.120000000000000000e+03
-1.000000000000000000e+00	-1.000000000000000000e+00
4.300000000000000000e+02	9.690000000000000000e+02
-1.000000000000000000e+00	-1.000000000000000000e+00
-1.000000000000000000e+00	-1.000000000000000000e+00
2.220000000000000000e+02	1.387000000000000000e+03
4.910000000000000000e+02	8.670000000000000000e+02
-1.000000000000000000e+00	1.192000000000000000e+03
4.070000000000000000e+02	7.850000000000000000e+02
-1.000000000000000000e+00	-1.000000000000000000e+00
-1.000000000000000000e+00	-1.000000000000000000e+00
4.800000000000000000e+02	1.139000000000000000e+03
4.340000000000000000e+02	1.016000000000000000e+03
6.060000000000000000e+02	1.094000000000000000e+03
4.570000000000000000e+02	1.111000000000000000e+03
-1.000000000000000000e+00	1.216000000000000000e+03
5.930000000000000000e+02	9.770000000000000000e+02
5.900000000000000000e+02	1.054000000000000000e+03
-1.000000000000000000e+00	5.420000000000000000e+02
4.350000000000000000e+02	7.140000000000000000e+02
5.800000000000000000e+02	1.021000000000000000e+03
5.130000000000000000e+02	9.110000000000000000e+02
2.270000000000000000e+02	1.439000000000000000e+03
4.220000000000000000e+02	9.650000000000000000e+02
4.610000000000000000e+02	1.115000000000000000e+03
3.650000000000000000e+02	6.250000000000000000e+02
2.280000000000000000e+02	9.100000000000000000e+01
4.830000000000000000e+02	9.660000000000000000e+02
5.870000000000000000e+02	1.110000000000000000e+03
6.060000000000000000e+02	1.028000000000000000e+03
5.040000000000000000e+02	1.024000000000000000e+03
4.390000000000000000e+02	8.690000000000000000e+02
4.390000000000000000e+02	1.089000000000000000e+03
-1.000000000000000000e+00	-1.000000000000000000e+00
-1.000000000000000000e+00	8.470000000000000000e+02
-1.000000000000000000e+00	1.380000000000000000e+03
5.210000000000000000e+02	1.310000000000000000e+03
4.720000000000000000e+02	1.060000000000000000e+03
5.170000000000000000e+02	1.072000000000000000e+03
-1.000000000000000000e+00	1.359000000000000000e+03
2.040000000000000000e+02	1.397000000000000000e+03
-1.000000000000000000e+00	8.790000000000000000e+02
5.560000000000000000e+02	9.400000000000000000e+02
5.400000000000000000e+02	1.115000000000000000e+03
5.900000000000000000e+02	9.350000000000000000e+02
4.350000000000000000e+02	7.540000000000000000e+02
6.240000000000000000e+02	1.234000000000000000e+03
7.510000000000000000e+02	1.034000000000000000e+03
4.590000000000000000e+02	7.810000000000000000e+02
-1.000000000000000000e+00	-1.000000000000000000e+00
1.820000000000000000e+02	1.357000000000000000e+03
-1.000000000000000000e+00	7.810000000000000000e+02
-1.000000000000000000e+00	-1.000000000000000000e+00
4.190000000000000000e+02	9.520000000000000000e+02
5.420000000000000000e+02	9.810000000000000000e+02
2.220000000000000000e+02	1.289000000000000000e+03
-1.000000000000000000e+00	-1.000000000000000000e+00
-1.000000000000000000e+00	1.402000000000000000e+03
5.040000000000000000e+02	9.870000000000000000e+02
-1.000000000000000000e+00	-1.000000000000000000e+00
6.000000000000000000e+02	1.132000000000000000e+03
4.440000000000000000e+02	-1.000000000000000000e+00
1.480000000000000000e+02	1.323000000000000000e+03
-1.000000000000000000e+00	-1.000000000000000000e+00
-1.000000000000000000e+00	7.600000000000000000e+01
-1.000000000000000000e+00	-1.000000000000000000e+00
-1.000000000000000000e+00	-1.000000000000000000e+00
-1.000000000000000000e+00	-1.000000000000000000e+00
-1.000000000000000000e+00	-1.000000000000000000e+00
-1.000000000000000000e+00	-1.000000000000000000e+00
-1.000000000000000000e+00	-1.000000000000000000e+00
-1.000000000000000000e+00	1.500000000000000000e+02
-1.000000000000000000e+00	6.270000000000000000e+02
-1.000000000000000000e+00	-1.000000000000000000e+00
4.220000000000000000e+02	5.680000000000000000e+02
6.140000000000000000e+02	9.810000000000000000e+02
6.440000000000000000e+02	9.490000000000000000e+02
-1.000000000000000000e+00	-1.000000000000000000e+00
4.670000000000000000e+02	1.067000000000000000e+03
-1.000000000000000000e+00	-1.000000000000000000e+00
-1.000000000000000000e+00	2.680000000000000000e+02
-1.000000000000000000e+00	-1.000000000000000000e+00
-1.000000000000000000e+00	-1.000000000000000000e+00
-1.000000000000000000e+00	1.159000000000000000e+03
-1.000000000000000000e+00	-1.000000000000000000e+00
5.370000000000000000e+02	1.134000000000000000e+03
2.490000000000000000e+02	1.328000000000000000e+03
5.780000000000000000e+02	1.004000000000000000e+03
5.600000000000000000e+02	1.046000000000000000e+03
3.900000000000000000e+02	1.258000000000000000e+03
4.450000000000000000e+02	1.089000000000000000e+03
1.720000000000000000e+02	1.370000000000000000e+03
1.210000000000000000e+02	1.275000000000000000e+03
5.300000000000000000e+02	1.052000000000000000e+03
6.150000000000000000e+02	-1.000000000000000000e+00
-1.000000000000000000e+00	7.980000000000000000e+02
4.720000000000000000e+02	8.610000000000000000e+02
6.450000000000000000e+02	1.233000000000000000e+03
6.140000000000000000e+02	9.890000000000000000e+02
6.190000000000000000e+02	1.092000000000000000e+03
5.980000000000000000e+02	9.690000000000000000e+02
5.400000000000000000e+02	1.040000000000000000e+03
1.880000000000000000e+02	1.438000000000000000e+03
6.140000000000000000e+02	9.510000000000000000e+02
5.940000000000000000e+02	9.860000000000000000e+02
-1.000000000000000000e+00	1.036000000000000000e+03
-1.000000000000000000e+00	1.042000000000000000e+03
6.510000000000000000e+02	1.066000000000000000e+03
5.790000000000000000e+02	1.112000000000000000e+03
4.990000000000000000e+02	1.034000000000000000e+03
4.360000000000000000e+02	8.250000000000000000e+02
5.560000000000000000e+02	9.870000000000000000e+02
4.450000000000000000e+02	8.190000000000000000e+02
4.360000000000000000e+02	-1.000000000000000000e+00
6.050000000000000000e+02	9.420000000000000000e+02
5.610000000000000000e+02	1.042000000000000000e+03
4.620000000000000000e+02	1.026000000000000000e+03
4.050000000000000000e+02	9.000000000000000000e+02
3.550000000000000000e+02	9.850000000000000000e+02
-1.000000000000000000e+00	-1.000000000000000000e+00
2.990000000000000000e+02	1.253000000000000000e+03
5.210000000000000000e+02	9.890000000000000000e+02
5.320000000000000000e+02	7.050000000000000000e+02
2.280000000000000000e+02	1.270000000000000000e+03
4.460000000000000000e+02	8.850000000000000000e+02
5.110000000000000000e+02	9.310000000000000000e+02
-1.000000000000000000e+00	-1.000000000000000000e+00
2.390000000000000000e+02	1.439000000000000000e+03
-1.000000000000000000e+00	-1.000000000000000000e+00
5.750000000000000000e+02	1.046000000000000000e+03
5.280000000000000000e+02	1.088000000000000000e+03
4.450000000000000000e+02	9.150000000000000000e+02
5.560000000000000000e+02	1.066000000000000000e+03
-1.000000000000000000e+00	-1.000000000000000000e+00
5.160000000000000000e+02	9.710000000000000000e+02
4.250000000000000000e+02	1.020000000000000000e+03
5.160000000000000000e+02	7.410000000000000000e+02
5.460000000000000000e+02	-1.000000000000000000e+00
5.850000000000000000e+02	1.320000000000000000e+03
3.900000000000000000e+02	6.230000000000000000e+02
5.770000000000000000e+02	9.330000000000000000e+02
-1.000000000000000000e+00	-1.000000000000000000e+00
-1.000000000000000000e+00	1.075000000000000000e+03
6.370000000000000000e+02	1.133000000000000000e+03
4.930000000000000000e+02	1.017000000000000000e+03
5.370000000000000000e+02	9.760000000000000000e+02
6.050000000000000000e+02	1.003000000000000000e+03
4.580000000000000000e+02	1.194000000000000000e+03
5.090000000000000000e+02	9.380000000000000000e+02
2.980000000000000000e+02	1.493000000000000000e+03
1.661000000000000000e+03	3.540000000000000000e+02
2.470000000000000000e+02	1.378000000000000000e+03
4.320000000000000000e+02	1.061000000000000000e+03
2.820000000000000000e+02	1.417000000000000000e+03
5.380000000000000000e+02	9.450000000000000000e+02
5.190000000000000000e+02	7.420000000000000000e+02
4.800000000000000000e+02	9.250000000000000000e+02
5.180000000000000000e+02	6.770000000000000000e+02
6.020000000000000000e+02	8.020000000000000000e+02
-1.000000000000000000e+00	1.176000000000000000e+03
4.580000000000000000e+02	8.050000000000000000e+02
-1.000000000000000000e+00	-1.000000000000000000e+00
5.350000000000000000e+02	1.153000000000000000e+03
5.050000000000000000e+02	1.021000000000000000e+03
5.770000000000000000e+02	7.290000000000000000e+02
-1.000000000000000000e+00	-1.000000000000000000e+00
-1.000000000000000000e+00	-1.000000000000000000e+00
-1.000000000000000000e+00	1.735000000000000000e+03
2.160000000000000000e+02	1.421000000000000000e+03
5.890000000000000000e+02	7.130000000000000000e+02
5.960000000000000000e+02	1.117000000000000000e+03
4.250000000000000000e+02	7.830000000000000000e+02
1.900000000000000000e+02	1.394000000000000000e+03
4.260000000000000000e+02	1.232000000000000000e+03
5.870000000000000000e+02	8.870000000000000000e+02
5.880000000000000000e+02	7.380000000000000000e+02
4.560000000000000000e+02	1.091000000000000000e+03
5.710000000000000000e+02	1.038000000000000000e+03
5.200000000000000000e+02	1.151000000000000000e+03
4.550000000000000000e+02	7.010000000000000000e+02
1.960000000000000000e+02	1.330000000000000000e+03
-1.000000000000000000e+00	1.388000000000000000e+03
4.690000000000000000e+02	9.830000000000000000e+02
5.770000000000000000e+02	1.120000000000000000e+03
5.630000000000000000e+02	9.460000000000000000e+02
-1.000000000000000000e+00	1.499000000000000000e+03
1.398000000000000000e+03	-1.000000000000000000e+00
2.210000000000000000e+02	1.309000000000000000e+03
4.600000000000000000e+02	1.026000000000000000e+03
5.280000000000000000e+02	9.560000000000000000e+02
1.430000000000000000e+02	1.425000000000000000e+03
6.200000000000000000e+02	8.700000000000000000e+02
2.170000000000000000e+02	1.416000000000000000e+03
4.850000000000000000e+02	8.910000000000000000e+02
5.430000000000000000e+02	9.190000000000000000e+02
5.950000000000000000e+02	9.010000000000000000e+02
5.360000000000000000e+02	1.118000000000000000e+03
4.900000000000000000e+02	1.027000000000000000e+03
5.900000000000000000e+02	1.126000000000000000e+03
6.310000000000000000e+02	8.760000000000000000e+02
-1.000000000000000000e+00	1.386000000000000000e+03
5.850000000000000000e+02	1.080000000000000000e+03
-1.000000000000000000e+00	1.309000000000000000e+03
5.410000000000000000e+02	6.650000000000000000e+02
4.060000000000000000e+02	6.790000000000000000e+02
-1.000000000000000000e+00	-1.000000000000000000e+00
-1.000000000000000000e+00	-1.000000000000000000e+00
-1.000000000000000000e+00	-1.000000000000000000e+00
1.750000000000000000e+02	1.341000000000000000e+03
-1.000000000000000000e+00	-1.000000000000000000e+00
6.120000000000000000e+02	9.290000000000000000e+02
1.920000000000000000e+02	1.337000000000000000e+03
5.130000000000000000e+02	1.162000000000000000e+03
6.010000000000000000e+02	1.093000000000000000e+03
1.870000000000000000e+02	1.363000000000000000e+03
6.630000000000000000e+02	1.073000000000000000e+03
1.610000000000000000e+02	1.464000000000000000e+03
3.410000000000000000e+02	9.210000000000000000e+02
-1.000000000000000000e+00	1.425000000000000000e+03
5.860000000000000000e+02	1.091000000000000000e+03
5.000000000000000000e+02	9.300000000000000000e+02
5.560000000000000000e+02	1.301000000000000000e+03
4.940000000000000000e+02	8.440000000000000000e+02
4.600000000000000000e+02	1.152000000000000000e+03
4.830000000000000000e+02	1.128000000000000000e+03
5.210000000000000000e+02	1.017000000000000000e+03
-1.000000000000000000e+00	-1.000000000000000000e+00
1.730000000000000000e+02	1.470000000000000000e+03
4.640000000000000000e+02	8.780000000000000000e+02
4.660000000000000000e+02	8.970000000000000000e+02
-1.000000000000000000e+00	3.360000000000000000e+02
1.560000000000000000e+03	2.670000000000000000e+02
-1.000000000000000000e+00	-1.000000000000000000e+00
4.930000000000000000e+02	1.137000000000000000e+03
4.960000000000000000e+02	7.180000000000000000e+02
5.840000000000000000e+02	1.032000000000000000e+03
6.700000000000000000e+02	9.770000000000000000e+02
4.400000000000000000e+02	6.300000000000000000e+02
-1.000000000000000000e+00	3.810000000000000000e+02
5.130000000000000000e+02	9.100000000000000000e+02
4.220000000000000000e+02	9.620000000000000000e+02
1.880000000000000000e+02	1.350000000000000000e+03
-1.000000000000000000e+00	1.098000000000000000e+03
4.970000000000000000e+02	9.650000000000000000e+02
1.840000000000000000e+02	1.363000000000000000e+03
5.010000000000000000e+02	8.220000000000000000e+02
5.580000000000000000e+02	1.109000000000000000e+03
5.100000000000000000e+02	9.910000000000000000e+02
3.570000000000000000e+02	6.530000000000000000e+02
-1.000000000000000000e+00	-1.000000000000000000e+00
4.600000000000000000e+02	7.930000000000000000e+02
3.940000000000000000e+02	7.240000000000000000e+02
-1.000000000000000000e+00	9.710000000000000000e+02
5.540000000000000000e+02	1.116000000000000000e+03
-1.000000000000000000e+00	1.439000000000000000e+03
6.300000000000000000e+02	9.200000000000000000e+02
1.620000000000000000e+02	1.415000000000000000e+03
5.310000000000000000e+02	1.154000000000000000e+03
4.280000000000000000e+02	8.210000000000000000e+02
2.950000000000000000e+02	1.181000000000000000e+03
2.200000000000000000e+02	1.492000000000000000e+03
1.980000000000000000e+02	1.482000000000000000e+03
2.110000000000000000e+02	1.367000000000000000e+03
5.380000000000000000e+02	-1.000000000000000000e+00
4.390000000000000000e+02	7.650000000000000000e+02
5.030000000000000000e+02	9.980000000000000000e+02
2.150000000000000000e+02	1.418000000000000000e+03
2.680000000000000000e+02	1.465000000000000000e+03
-1.000000000000000000e+00	-1.000000000000000000e+00
4.940000000000000000e+02	8.740000000000000000e+02
-1.000000000000000000e+00	-1.000000000000000000e+00
2.040000000000000000e+02	1.457000000000000000e+03
1.370000000000000000e+02	1.286000000000000000e+03
2.210000000000000000e+02	1.343000000000000000e+03
6.480000000000000000e+02	1.187000000000000000e+03
1.810000000000000000e+02	1.320000000000000000e+03
-1.000000000000000000e+00	-1.000000000000000000e+00
1.320000000000000000e+02	1.398000000000000000e+03
4.340000000000000000e+02	9.060000000000000000e+02
1.260000000000000000e+02	1.374000000000000000e+03
5.590000000000000000e+02	1.101000000000000000e+03
5.080000000000000000e+02	9.620000000000000000e+02
6.320000000000000000e+02	1.083000000000000000e+03
6.590000000000000000e+02	9.340000000000000000e+02
4.840000000000000000e+02	9.720000000000000000e+02
1.548000000000000000e+03	3.720000000000000000e+02
4.290000000000000000e+02	7.610000000000000000e+02
5.880000000000000000e+02	1.041000000000000000e+03
6.370000000000000000e+02	9.580000000000000000e+02
-1.000000000000000000e+00	-1.000000000000000000e+00
5.930000000000000000e+02	9.440000000000000000e+02
6.520000000000000000e+02	8.590000000000000000e+02
-1.000000000000000000e+00	-1.000000000000000000e+00
-1.000000000000000000e+00	9.570000000000000000e+02
5.520000000000000000e+02	9.710000000000000000e+02
1.487000000000000000e+03	4.090000000000000000e+02
4.060000000000000000e+02	1.004000000000000000e+03
1.270000000000000000e+02	1.384000000000000000e+03
-1.000000000000000000e+00	-1.000000000000000000e+00
5.080000000000000000e+02	9.920000000000000000e+02
-1.000000000000000000e+00	-1.000000000000000000e+00
5.570000000000000000e+02	1.125000000000000000e+03
5.690000000000000000e+02	1.103000000000000000e+03
6.040000000000000000e+02	-1.000000000000000000e+00
-1.000000000000000000e+00	-1.000000000000000000e+00
4.350000000000000000e+02	1.010000000000000000e+03
-1.000000000000000000e+00	-1.000000000000000000e+00
2.370000000000000000e+02	1.415000000000000000e+03
5.360000000000000000e+02	1.010000000000000000e+03
4.860000000000000000e+02	8.740000000000000000e+02
-1.000000000000000000e+00	1.150000000000000000e+03
4.790000000000000000e+02	8.770000000000000000e+02
5.680000000000000000e+02	1.183000000000000000e+03
5.510000000000000000e+02	1.148000000000000000e+03
1.450000000000000000e+02	1.327000000000000000e+03
5.190000000000000000e+02	8.970000000000000000e+02
-1.000000000000000000e+00	-1.000000000000000000e+00
-1.000000000000000000e+00	-1.000000000000000000e+00
4.930000000000000000e+02	1.058000000000000000e+03
2.410000000000000000e+02	1.448000000000000000e+03
5.100000000000000000e+02	1.139000000000000000e+03
5.600000000000000000e+02	8.340000000000000000e+02
-1.000000000000000000e+00	-1.000000000000000000e+00
1.716000000000000000e+03	5.490000000000000000e+02
5.600000000000000000e+02	9.090000000000000000e+02
-1.000000000000000000e+00	1.367000000000000000e+03
4.790000000000000000e+02	9.440000000000000000e+02
5.940000000000000000e+02	-1.000000000000000000e+00
1.920000000000000000e+02	1.335000000000000000e+03
-1.000000000000000000e+00	1.091000000000000000e+03
6.000000000000000000e+02	-1.000000000000000000e+00
1.307000000000000000e+03	2.140000000000000000e+02
-1.000000000000000000e+00	2.860000000000000000e+02
-1.000000000000000000e+00	-1.000000000000000000e+00
-1.000000000000000000e+00	-1.000000000000000000e+00
5.550000000000000000e+02	9.090000000000000000e+02
6.160000000000000000e+02	9.690000000000000000e+02
5.590000000000000000e+02	1.062000000000000000e+03
6.080000000000000000e+02	-1.000000000000000000e+00
1.612000000000000000e+03	3.000000000000000000e+02
5.990000000000000000e+02	8.550000000000000000e+02
5.620000000000000000e+02	1.230000000000000000e+03
-1.000000000000000000e+00	1.067000000000000000e+03
6.020000000000000000e+02	1.057000000000000000e+03
-1.000000000000000000e+00	-1.000000000000000000e+00
1.500000000000000000e+02	1.281000000000000000e+03
5.680000000000000000e+02	9.390000000000000000e+02
5.400000000000000000e+02	6.670000000000000000e+02
2.060000000000000000e+02	1.364000000000000000e+03
4.580000000000000000e+02	5.180000000000000000e+02
2.200000000000000000e+02	1.478000000000000000e+03
4.630000000000000000e+02	1.003000000000000000e+03
-1.000000000000000000e+00	-1.000000000000000000e+00
4.920000000000000000e+02	9.910000000000000000e+02
5.290000000000000000e+02	9.730000000000000000e+02
-1.000000000000000000e+00	-1.000000000000000000e+00
5.530000000000000000e+02	1.141000000000000000e+03
-1.000000000000000000e+00	-1.000000000000000000e+00
5.180000000000000000e+02	7.710000000000000000e+02
-1.000000000000000000e+00	-1.000000000000000000e+00
5.480000000000000000e+02	8.450000000000000000e+02
2.110000000000000000e+02	-1.000000000000000000e+00
-1.000000000000000000e+00	-1.000000000000000000e+00
4.590000000000000000e+02	1.285000000000000000e+03
4.830000000000000000e+02	8.660000000000000000e+02
-1.000000000000000000e+00	1.569000000000000000e+03
4.150000000000000000e+02	1.111000000000000000e+03
3.880000000000000000e+02	7.320000000000000000e+02
6.740000000000000000e+02	1.058000000000000000e+03
2.070000000000000000e+02	1.328000000000000000e+03
1.525000000000000000e+03	3.300000000000000000e+02
4.870000000000000000e+02	1.008000000000000000e+03
-1.000000000000000000e+00	6.320000000000000000e+02
4.560000000000000000e+02	1.092000000000000000e+03
-1.000000000000000000e+00	-1.000000000000000000e+00
5.620000000000000000e+02	8.830000000000000000e+02
5.120000000000000000e+02	-1.000000000000000000e+00
5.200000000000000000e+02	9.570000000000000000e+02
5.090000000000000000e+02	9.010000000000000000e+02
5.820000000000000000e+02	1.187000000000000000e+03
4.960000000000000000e+02	1.018000000000000000e+03
4.720000000000000000e+02	1.111000000000000000e+03
4.920000000000000000e+02	1.089000000000000000e+03
6.220000000000000000e+02	1.030000000000000000e+03
-1.000000000000000000e+00	-1.000000000000000000e+00
4.670000000000000000e+02	7.630000000000000000e+02
5.620000000000000000e+02	1.131000000000000000e+03
7.110000000000000000e+02	8.290000000000000000e+02
-1.000000000000000000e+00	-1.000000000000000000e+00
4.870000000000000000e+02	8.540000000000000000e+02
6.020000000000000000e+02	1.088000000000000000e+03
1.480000000000000000e+02	1.512000000000000000e+03
4.630000000000000000e+02	9.650000000000000000e+02
1.520000000000000000e+03	2.450000000000000000e+02
4.160000000000000000e+02	8.120000000000000000e+02
4.630000000000000000e+02	1.032000000000000000e+03
-1.000000000000000000e+00	-1.000000000000000000e+00
4.890000000000000000e+02	8.210000000000000000e+02
-1.000000000000000000e+00	-1.000000000000000000e+00
5.340000000000000000e+02	1.063000000000000000e+03
4.050000000000000000e+02	9.430000000000000000e+02
6.230000000000000000e+02	9.400000000000000000e+02
-1.000000000000000000e+00	-1.000000000000000000e+00
5.370000000000000000e+02	9.320000000000000000e+02
5.840000000000000000e+02	1.063000000000000000e+03
4.030000000000000000e+02	8.740000000000000000e+02
5.600000000000000000e+02	9.960000000000000000e+02
1.850000000000000000e+02	1.337000000000000000e+03
-1.000000000000000000e+00	-1.000000000000000000e+00
-1.000000000000000000e+00	-1.000000000000000000e+00
4.840000000000000000e+02	9.940000000000000000e+02
5.550000000000000000e+02	1.096000000000000000e+03
-1.000000000000000000e+00	-1.000000000000000000e+00
4.270000000000000000e+02	9.000000000000000000e+02
5.220000000000000000e+02	9.550000000000000000e+02
4.160000000000000000e+02	6.740000000000000000e+02
4.120000000000000000e+02	1.009000000000000000e+03
5.360000000000000000e+02	7.880000000000000000e+02
4.840000000000000000e+02	7.990000000000000000e+02
5.240000000000000000e+02	8.720000000000000000e+02
5.980000000000000000e+02	1.032000000000000000e+03
4.380000000000000000e+02	1.022000000000000000e+03
4.760000000000000000e+02	9.860000000000000000e+02
2.970000000000000000e+02	8.030000000000000000e+02
1.635000000000000000e+03	2.640000000000000000e+02
5.480000000000000000e+02	1.138000000000000000e+03
-1.000000000000000000e+00	1.270000000000000000e+02
5.610000000000000000e+02	9.760000000000000000e+02
4.030000000000000000e+02	6.610000000000000000e+02
5.170000000000000000e+02	8.090000000000000000e+02
1.559000000000000000e+03	4.040000000000000000e+02
3.680000000000000000e+02	7.900000000000000000e+02
4.970000000000000000e+02	6.190000000000000000e+02
2.270000000000000000e+02	1.265000000000000000e+03
4.920000000000000000e+02	8.260000000000000000e+02
6.330000000000000000e+02	1.101000000000000000e+03
6.120000000000000000e+02	9.600000000000000000e+02
4.960000000000000000e+02	1.002000000000000000e+03
1.496000000000000000e+03	3.430000000000000000e+02
5.630000000000000000e+02	8.650000000000000000e+02
5.020000000000000000e+02	9.900000000000000000e+02
-1.000000000000000000e+00	3.870000000000000000e+02
4.260000000000000000e+02	8.110000000000000000e+02
2.250000000000000000e+02	1.356000000000000000e+03
5.730000000000000000e+02	1.092000000000000000e+03
6.220000000000000000e+02	1.029000000000000000e+03
-1.000000000000000000e+00	1.008000000000000000e+03
1.600000000000000000e+02	1.410000000000000000e+03
4.290000000000000000e+02	1.058000000000000000e+03
4.580000000000000000e+02	8.670000000000000000e+02
-1.000000000000000000e+00	-1.000000000000000000e+00
1.681000000000000000e+03	3.590000000000000000e+02
1.438000000000000000e+03	4.760000000000000000e+02
5.390000000000000000e+02	1.083000000000000000e+03
4.910000000000000000e+02	6.560000000000000000e+02
5.180000000000000000e+02	-1.000000000000000000e+00
3.240000000000000000e+02	3.470000000000000000e+02
-1.000000000000000000e+00	-1.000000000000000000e+00
1.860000000000000000e+02	1.369000000000000000e+03
6.380000000000000000e+02	8.120000000000000000e+02
-1.000000000000000000e+00	1.387000000000000000e+03
3.570000000000000000e+02	1.236000000000000000e+03
4.840000000000000000e+02	7.990000000000000000e+02
4.990000000000000000e+02	9.010000000000000000e+02
4.490000000000000000e+02	6.730000000000000000e+02
-1.000000000000000000e+00	-1.000000000000000000e+00
4.270000000000000000e+02	6.300000000000000000e+02
4.450000000000000000e+02	9.130000000000000000e+02
6.430000000000000000e+02	1.029000000000000000e+03
5.420000000000000000e+02	9.570000000000000000e+02
2.250000000000000000e+02	1.318000000000000000e+03
-1.000000000000000000e+00	-1.000000000000000000e+00
